      new Edge(0, 4, 775),
      new Edge(1, 2, 289),
      new Edge(1, 3, 306),
      new Edge(1, 4, 391),
      new Edge(2, 1, 289),
      new Edge(2, 3, 132),
      new Edge(2, 5, 103),
      new Edge(3, 4, 176),
      new Edge(3, 1, 306),
      new Edge(3, 2, 132),
      new Edge(3, 5, 149),
      new Edge(3, 6, 434),
      new Edge(4, 1, 391),
      new Edge(4, 0, 775),
      new Edge(4, 3, 176),
      new Edge(4, 6, 407),
      new Edge(5, 3, 149),
      new Edge(5, 2, 103),
      new Edge(6, 4, 407),
      new Edge(6, 3, 434),
      new Edge(6, 7, 377),
      new Edge(6, 10, 343),
      new Edge(6, 8, 122),
      new Edge(7, 6, 377),
      new Edge(7, 9, 79),
      new Edge(7, 10, 109),
      new Edge(7, 11, 294),
      new Edge(7, 14, 454),
      new Edge(8, 6, 122),
      new Edge(8, 10, 231),
      new Edge(9, 7, 79),
      new Edge(9, 10, 92),
      new Edge(9, 11, 232),
      new Edge(10, 6, 343),
      new Edge(10, 7, 109),
      new Edge(10, 8, 231),
      new Edge(10, 9, 92),
      new Edge(10, 11, 312),
      new Edge(10, 14, 207),
      new Edge(11, 7, 294),
      new Edge(11, 9, 232),
      new Edge(11, 10, 312),
      new Edge(12, 13, 216),
      new Edge(13, 12, 216),
      new Edge(13, 14, 144),
      new Edge(14, 7, 454),
      new Edge(14, 10, 207),
      new Edge(14, 13, 144),
